camera_matrix:
- - 113.42067089551912
  - 0.0
  - 60.969746425421235
- - 0.0
  - 217.87577756674708
  - 105.09047406671733
- - 0.0
  - 0.0
  - 1.0
dist_coeff:
- 0.013363434281253323
- 0.012653503760391005
- 0.2363462067854547
- -0.03693393819719378
- 0.07867338041475229
error: 3.5201663298705097
translation_matrix:
- - 0.17242483977410905
  - -0.9831030906135281
  - 0.06146533864709508
  - -0.038525636770355344
- - -0.2378923864297009
  - -0.1021138821369697
  - -0.965908881599967
  - -0.5458192633286236
- - 0.9558644710981021
  - 0.15192454805279604
  - -0.25147971009864584
  - -0.09372797371086497
