camera_matrix:
- - 91.36157150620029
  - 0.0
  - 78.84290653255098
- - 0.0
  - 91.9804342725117
  - 47.05576736990932
- - 0.0
  - 0.0
  - 1.0
dist_coeff:
- -0.06513664382641407
- 0.0
- -0.00396781712246708
- -0.0018897588560824853
- 0.0
rvec:
- 1.2659482513349105
- -1.2452144036979935
- 1.1225728774557622
tvec:
- -0.0022207551459563573
- -0.02216830077433844
- -0.018129593527319857
