camera_matrix:
- - 85.96370536970522
  - 0.0
  - 80.4581281165485
- - 0.0
  - 85.94679154521819
  - 47.20059710341639
- - 0.0
  - 0.0
  - 1.0
dist_coeff:
- -0.08312047686619692
- 0.0
- -0.0013661006644793306
- 0.001669453558362442
- 0.0
rvec:
- 1.2659482513349105
- -1.2452144036979935
- 1.1225728774557622
tvec:
- -0.0022207551459563573
- -0.02216830077433844
- -0.018129593527319857
