camera_matrix:
- - 74.63185099939119
  - 0.0
  - 68.51143101833982
- - 0.0
  - 71.29203609802661
  - 51.21119939461744
- - 0.0
  - 0.0
  - 1.0
dist_coeff:
- -0.01654575801087725
- 0.0
- -0.009481018169585556
- -0.04829186272075149
- 0.0
rvec:
- 1.2659482513349105
- -1.2452144036979935
- 1.1225728774557622
tvec:
- -0.0022207551459563573
- -0.02216830077433844
- -0.018129593527319857
